		video	AGE	pEPs	pCEPs	MSSSIM	PSNR	CQM
backgrou: 
		adver:	38.2091	0.7829	0.6799	0.6017	14.6924	14.9702

backgrou_AVG::		38.2091	0.7829	0.6799	0.6017	14.6924	14.9702

basic: 
		511:	34.3515	0.5141	0.392	0.6033	14.5597	15.6392
		Blurr:	85.8036	0.9732	0.9235	0.3438	8.9948	9.8547

basic_AVG::		60.0776	0.7437	0.6578	0.4735	11.7773	12.7469

clutter: 
		boule:	42.0984	0.7135	0.632	0.5664	14.4172	15.9063
		Board:	58.9795	0.8744	0.7797	0.3108	11.9889	13.1969

clutter_AVG::		50.5389	0.794	0.7058	0.4386	13.203	14.5516

illumina: 
		Camer:	191.9195	0.998	0.9797	0.1649	2.3198	3.9453

illumina_AVG::		191.9195	0.998	0.9797	0.1649	2.3198	3.9453

intermit: 
		AVSS2:	60.6705	0.8463	0.7917	0.4663	10.712	11.4951
		busSt:	48.4925	0.729	0.6642	0.6237	12.7171	13.8526

intermit_AVG::		54.5815	0.7877	0.7279	0.545	11.7145	12.6739

jitter: 
		boule:	59.0466	0.8804	0.7346	0.4319	11.9795	12.5067
		badmi:	61.9869	0.9477	0.9216	0.6811	11.964	13.3165

jitter_AVG::		60.5167	0.914	0.8281	0.5565	11.9717	12.9116

veryLong: 
		BusSt:	46.0295	0.626	0.4976	0.4	12.785	13.8208

veryLong_AVG::		46.0295	0.626	0.4976	0.4	12.785	13.8208

veryShor: 
		Dynam:	56.9931	0.8056	0.5673	0.3681	10.8203	11.985
		CUHK_:	51.2426	0.719	0.5602	0.2442	11.3503	11.7798

veryShor_AVG::		54.1178	0.7623	0.5638	0.3061	11.0853	11.8824

Total:			69.4988	0.8011	0.7051	0.4358	11.1936	12.1878
