		video	AGE	pEPs	pCEPs	MSSSIM	PSNR	CQM
backgrou: 
		adver:	1.6488	0.0008	0.0001	0.986	39.5217	39.2887

backgrou_AVG::		1.6488	0.0008	0.0001	0.986	39.5217	39.2887

basic: 
		Blurr:	1.9801	0.0004	0.0	0.996	38.4905	38.9136
		511:	3.5202	0.0244	0.0008	0.9809	31.5826	33.2198

basic_AVG::		2.7501	0.0124	0.0004	0.9885	35.0365	36.0667

clutter: 
		Board:	22.6177	0.35	0.3016	0.4582	17.0112	18.4345
		boule:	13.2639	0.2138	0.1349	0.707	22.7763	23.9841

clutter_AVG::		17.9408	0.2819	0.2182	0.5826	19.8938	21.2093

illumina: 
		Camer:	71.3283	0.8747	0.8031	0.8071	10.0952	11.5684

illumina_AVG::		71.3283	0.8747	0.8031	0.8071	10.0952	11.5684

intermit: 
		AVSS2:	10.8494	0.1039	0.0884	0.8699	20.2081	21.4612
		busSt:	4.8358	0.0443	0.0338	0.9116	23.9077	24.7271

intermit_AVG::		7.8426	0.0741	0.0611	0.8908	22.0579	23.0942

jitter: 
		boule:	9.7191	0.1359	0.0243	0.9018	22.0897	23.4746
		badmi:	2.7428	0.017	0.0055	0.966	33.5244	34.1853

jitter_AVG::		6.231	0.0764	0.0149	0.9339	27.8071	28.83

veryLong: 
		BusSt:	3.7	0.0073	0.0001	0.9932	32.4305	33.057

veryLong_AVG::		3.7	0.0073	0.0001	0.9932	32.4305	33.057

veryShor: 
		Dynam:	6.8479	0.0438	0.0011	0.9682	28.4395	29.0276
		CUHK_:	2.9159	0.0051	0.0006	0.986	34.8951	35.3137

veryShor_AVG::		4.8819	0.0244	0.0009	0.9771	31.6673	32.1707

Total:			14.5404	0.169	0.1373	0.8949	27.3137	28.1606
