		video	AGE	pEPs	pCEPs	MSSSIM	PSNR	CQM
backgrou: 
		adver:	35.7307	0.7623	0.6567	0.6588	15.6046	16.0485

backgrou_AVG::		35.7307	0.7623	0.6567	0.6588	15.6046	16.0485

basic: 
		511:	32.9264	0.5006	0.3724	0.6223	14.888	17.1472
		Blurr:	47.6913	0.6169	0.579	0.8416	12.2809	13.7975

basic_AVG::		40.3088	0.5587	0.4757	0.7319	13.5844	15.4724

clutter: 
		boule:	41.5643	0.7294	0.6638	0.6023	14.573	16.3484
		Board:	43.412	0.8058	0.7274	0.5535	14.3143	15.847

clutter_AVG::		42.4881	0.7676	0.6956	0.5779	14.4437	16.0977

illumina: 
		Camer:	138.8011	0.9961	0.9769	0.8028	5.2493	7.4649

illumina_AVG::		138.8011	0.9961	0.9769	0.8028	5.2493	7.4649

intermit: 
		AVSS2:	49.0853	0.8235	0.7746	0.7427	12.5376	13.7541
		busSt:	47.0373	0.7227	0.6575	0.6204	12.9232	14.3113

intermit_AVG::		48.0613	0.7731	0.716	0.6816	12.7304	14.0327

jitter: 
		boule:	50.6833	0.7818	0.6676	0.7516	12.8511	14.7987
		badmi:	61.7308	0.944	0.9178	0.719	11.9923	13.3192

jitter_AVG::		56.207	0.8629	0.7927	0.7353	12.4217	14.059

veryLong: 
		BusSt:	42.9623	0.6105	0.4718	0.5228	13.6085	14.9143

veryLong_AVG::		42.9623	0.6105	0.4718	0.5228	13.6085	14.9143

veryShor: 
		Dynam:	43.0812	0.7957	0.5651	0.6537	14.0766	15.2965
		CUHK_:	33.2473	0.6691	0.5283	0.6344	16.1839	17.0377

veryShor_AVG::		38.1642	0.7324	0.5467	0.644	15.1303	16.1671

Total:			55.3405	0.758	0.6665	0.6694	12.8466	14.2821
