		video	AGE	pEPs	pCEPs	MSSSIM	PSNR	CQM
backgrou: 
		adver:	1.9228	0.0016	0.0001	0.9899	38.1161	34.9155

backgrou_AVG::		1.9228	0.0016	0.0001	0.9899	38.1161	34.9155

basic: 
		Blurr:	1.9247	0.0007	0.0	0.9955	38.2796	38.6797
		511:	3.4919	0.0226	0.0002	0.9791	30.6311	32.1176

basic_AVG::		2.7083	0.0116	0.0001	0.9873	34.4553	35.3986

clutter: 
		Board:	20.9186	0.1821	0.1032	0.4553	15.5451	16.1958
		boule:	9.3857	0.1029	0.0447	0.7511	22.3196	23.2558

clutter_AVG::		15.1521	0.1425	0.0739	0.6032	18.9324	19.7258

illumina: 
		Camer:	23.1753	0.1673	0.0929	0.6408	13.1445	13.5797

illumina_AVG::		23.1753	0.1673	0.0929	0.6408	13.1445	13.5797

intermit: 
		AVSS2:	10.3925	0.09	0.0681	0.8608	20.0067	20.8313
		busSt:	5.4973	0.0417	0.0299	0.9022	22.5924	23.3497

intermit_AVG::		7.9449	0.0659	0.049	0.8815	21.2996	22.0905

jitter: 
		boule:	10.3328	0.1278	0.0152	0.8813	20.8075	21.9446
		badmi:	3.2769	0.0262	0.0062	0.9348	30.0044	30.521

jitter_AVG::		6.8048	0.077	0.0107	0.908	25.4059	26.2328

veryLong: 
		BusSt:	3.7017	0.0089	0.0002	0.993	31.9439	32.5515

veryLong_AVG::		3.7017	0.0089	0.0002	0.993	31.9439	32.5515

veryShor: 
		Dynam:	12.1026	0.1677	0.014	0.9245	22.4927	23.0345
		CUHK_:	6.1976	0.0495	0.0029	0.9402	26.3396	26.8607

veryShor_AVG::		9.1501	0.1086	0.0084	0.9323	24.4162	24.9476

Total:			8.82	0.0729	0.0294	0.867	25.9642	26.1803
