		video	AGE	pEPs	pCEPs	MSSSIM	PSNR	CQM
backgrou: 
		adver:	1.6242	0.0013	0.0001	0.9873	39.637	39.2979

backgrou_AVG::		1.6242	0.0013	0.0001	0.9873	39.637	39.2979

basic: 
		511:	3.3973	0.0215	0.0003	0.9819	31.5532	33.1815
		Blurr:	1.7937	0.0004	0.0	0.9963	39.0398	39.4523

basic_AVG::		2.5955	0.0109	0.0001	0.9891	35.2965	36.3169

clutter: 
		boule:	11.938	0.1582	0.0932	0.7565	22.5106	23.6956
		Board:	21.4979	0.2548	0.2169	0.4149	16.465	17.8031

clutter_AVG::		16.7179	0.2065	0.1551	0.5857	19.4878	20.7494

illumina: 
		Camer:	6.755	0.0822	0.0586	0.8765	27.313	28.1198

illumina_AVG::		6.755	0.0822	0.0586	0.8765	27.313	28.1198

intermit: 
		AVSS2:	11.4678	0.1047	0.0878	0.8612	19.5806	20.8194
		busSt:	5.162	0.0439	0.0334	0.9034	23.2006	24.0648

intermit_AVG::		8.3149	0.0743	0.0606	0.8823	21.3906	22.4421

jitter: 
		boule:	9.7507	0.1331	0.021	0.8995	21.8328	23.413
		badmi:	2.5875	0.0163	0.005	0.9672	33.7684	34.4575

jitter_AVG::		6.1691	0.0747	0.013	0.9333	27.8006	28.9353

veryLong: 
		BusSt:	3.6466	0.0069	0.0002	0.9933	32.3091	32.9944

veryLong_AVG::		3.6466	0.0069	0.0002	0.9933	32.3091	32.9944

veryShor: 
		Dynam:	6.9596	0.0456	0.0006	0.9681	28.2052	28.8245
		CUHK_:	2.7916	0.0027	0.0	0.9902	35.583	36.0637

veryShor_AVG::		4.8756	0.0241	0.0003	0.9792	31.8941	32.4441

Total:			6.3374	0.0601	0.036	0.9033	29.3911	30.1625
