		video	AGE	pEPs	pCEPs	MSSSIM	PSNR	CQM
backgrou: 
		adver:	2.0585	0.0023	0.0004	0.9874	37.1134	34.6799

backgrou_AVG::		2.0585	0.0023	0.0004	0.9874	37.1134	34.6799

basic: 
		Blurr:	2.3192	0.0005	0.0	0.9935	37.7345	38.2654
		511:	3.5673	0.0239	0.0007	0.9808	31.5449	33.1685

basic_AVG::		2.9433	0.0122	0.0003	0.9872	34.6397	35.717

clutter: 
		Board:	21.9946	0.331	0.2744	0.4829	17.2064	18.6961
		boule:	13.8179	0.2205	0.1387	0.6894	22.3958	23.6556

clutter_AVG::		17.9063	0.2758	0.2066	0.5862	19.8011	21.1759

illumina: 
		Camer:	72.0375	0.8719	0.7997	0.8069	10.0058	11.4646

illumina_AVG::		72.0375	0.8719	0.7997	0.8069	10.0058	11.4646

intermit: 
		AVSS2:	10.9037	0.1023	0.0863	0.8703	20.4084	21.6677
		busSt:	4.9934	0.0442	0.0334	0.9118	23.8956	24.7575

intermit_AVG::		7.9486	0.0733	0.0598	0.8911	22.152	23.2126

jitter: 
		boule:	10.0127	0.1343	0.0235	0.9003	22.0021	23.3941
		badmi:	2.9873	0.0158	0.005	0.9641	33.495	34.1404

jitter_AVG::		6.5	0.0751	0.0143	0.9322	27.7485	28.7673

veryLong: 
		BusSt:	3.7689	0.0073	0.0001	0.9931	32.3474	32.9674

veryLong_AVG::		3.7689	0.0073	0.0001	0.9931	32.3474	32.9674

veryShor: 
		Dynam:	7.551	0.0539	0.0012	0.9618	26.6749	27.3361
		CUHK_:	3.5546	0.0083	0.0005	0.977	29.8741	30.4413

veryShor_AVG::		5.5528	0.0311	0.0008	0.9694	28.2745	28.8887

Total:			14.8395	0.1686	0.1353	0.8942	26.5103	27.1092
