		video	AGE	pEPs	pCEPs	MSSSIM	PSNR	CQM
backgrou: 
		adver:	1.6161	0.0012	0.0001	0.9875	39.6923	39.2777

backgrou_AVG::		1.6161	0.0012	0.0001	0.9875	39.6923	39.2777

basic: 
		Blurr:	1.7904	0.0004	0.0	0.9962	39.032	39.4129
		511:	3.4447	0.0226	0.0003	0.9814	31.4808	33.0467

basic_AVG::		2.6176	0.0115	0.0002	0.9888	35.2564	36.2298

clutter: 
		Board:	21.4321	0.2543	0.217	0.4165	16.4867	17.8248
		boule:	11.9361	0.1585	0.0932	0.7569	22.5161	23.6849

clutter_AVG::		16.6841	0.2064	0.1551	0.5867	19.5014	20.7548

illumina: 
		Camer:	13.7213	0.248	0.1518	0.7009	22.3022	21.6053

illumina_AVG::		13.7213	0.248	0.1518	0.7009	22.3022	21.6053

intermit: 
		AVSS2:	11.4913	0.1048	0.0879	0.8612	19.5814	20.8081
		busSt:	5.1745	0.0438	0.0334	0.9033	23.1989	24.0332

intermit_AVG::		8.3329	0.0743	0.0606	0.8823	21.3902	22.4207

jitter: 
		boule:	9.7743	0.1332	0.0215	0.8994	21.832	23.2267
		badmi:	2.5959	0.0163	0.005	0.967	33.7623	34.4322

jitter_AVG::		6.1851	0.0748	0.0133	0.9332	27.7971	28.8294

veryLong: 
		BusSt:	3.6681	0.007	0.0002	0.9933	32.3019	32.9308

veryLong_AVG::		3.6681	0.007	0.0002	0.9933	32.3019	32.9308

veryShor: 
		Dynam:	7.125	0.0472	0.0009	0.9667	28.0322	28.5402
		CUHK_:	2.8395	0.0027	0.0	0.9897	35.4212	35.8668

veryShor_AVG::		4.9822	0.0249	0.0004	0.9782	31.7267	32.2035

Total:			7.2259	0.081	0.0477	0.8814	28.746	29.2815
