		video	AGE	pEPs	pCEPs	MSSSIM	PSNR	CQM
backgrou: 
		adver:	5.5617	0.0526	0.0202	0.9209	22.8763	23.1573

backgrou_AVG::		5.5617	0.0526	0.0202	0.9209	22.8763	23.1573

basic: 
		Blurr:	87.5651	0.4559	0.405	0.4385	5.6012	6.4032
		511:	5.4846	0.056	0.0062	0.9216	25.0298	25.3088

basic_AVG::		46.5248	0.2559	0.2056	0.6801	15.3155	15.856

clutter: 
		Board:	42.1062	0.6879	0.5275	0.1829	13.1263	13.8939
		boule:	15.5695	0.2243	0.1085	0.6104	19.8841	20.7365

clutter_AVG::		28.8379	0.4561	0.318	0.3967	16.5052	17.3152

illumina: 
		Camer:	85.7245	0.8708	0.7149	0.1495	7.538	8.4862

illumina_AVG::		85.7245	0.8708	0.7149	0.1495	7.538	8.4862

intermit: 
		AVSS2:	39.8156	0.4716	0.3751	0.5456	11.4823	12.0647
		busSt:	8.239	0.0785	0.0475	0.881	21.7761	22.1329

intermit_AVG::		24.0273	0.275	0.2113	0.7133	16.6292	17.0988

jitter: 
		boule:	27.7332	0.2712	0.1216	0.5936	13.2773	12.9521
		badmi:	7.1604	0.0602	0.0296	0.8625	23.6538	24.4927

jitter_AVG::		17.4468	0.1657	0.0756	0.7281	18.4656	18.7224

veryLong: 
		BusSt:	10.523	0.0702	0.0097	0.8487	17.6182	18.043

veryLong_AVG::		10.523	0.0702	0.0097	0.8487	17.6182	18.043

veryShor: 
		Dynam:	36.8118	0.3444	0.1033	0.5615	11.2839	12.2139
		CUHK_:	39.3558	0.3152	0.153	0.4437	10.2891	10.6894

veryShor_AVG::		38.0838	0.3298	0.1281	0.5026	10.7865	11.4516

Total:			32.0912	0.3095	0.2104	0.6175	15.7168	16.2663
