		video	AGE	pEPs	pCEPs	MSSSIM	PSNR	CQM
backgrou: 
		adver:	2.6075	0.0108	0.0032	0.9825	34.5535	33.0661

backgrou_AVG::		2.6075	0.0108	0.0032	0.9825	34.5535	33.0661

basic: 
		Blurr:	8.1671	0.0862	0.0708	0.9731	27.1634	28.4716
		511:	3.8578	0.0316	0.0019	0.975	30.9508	32.6124

basic_AVG::		6.0125	0.0589	0.0363	0.974	29.0571	30.542

clutter: 
		Board:	29.566	0.5289	0.4318	0.5636	16.5541	18.0574
		boule:	13.847	0.2364	0.1493	0.6704	22.7989	24.0737

clutter_AVG::		21.7065	0.3827	0.2905	0.617	19.6765	21.0656

illumina: 
		Camer:	64.476	0.837	0.7585	0.8272	10.8805	12.3344

illumina_AVG::		64.476	0.837	0.7585	0.8272	10.8805	12.3344

intermit: 
		AVSS2:	14.9089	0.2051	0.1696	0.8672	20.1447	21.4175
		busSt:	5.3615	0.0512	0.0366	0.9133	24.8664	25.6968

intermit_AVG::		10.1352	0.1282	0.1031	0.8903	22.5056	23.5571

jitter: 
		boule:	10.465	0.1436	0.0284	0.9006	22.4422	23.8213
		badmi:	4.6361	0.0293	0.0123	0.9416	30.7429	31.4235

jitter_AVG::		7.5505	0.0864	0.0204	0.9211	26.5926	27.6224

veryLong: 
		BusSt:	4.2613	0.0121	0.0003	0.9886	31.5405	32.1994

veryLong_AVG::		4.2613	0.0121	0.0003	0.9886	31.5405	32.1994

veryShor: 
		Dynam:	7.9718	0.0736	0.0132	0.9562	27.0077	27.6591
		CUHK_:	6.907	0.0985	0.05	0.9214	26.848	27.5166

veryShor_AVG::		7.4394	0.0861	0.0316	0.9388	26.9279	27.5878

Total:			15.5236	0.2003	0.1555	0.8925	25.2168	25.9969
