		video	AGE	pEPs	pCEPs	MSSSIM	PSNR	CQM
backgrou: 
		adver:	74.3956	0.9094	0.8231	0.1862	9.0608	10.1551

backgrou_AVG::		74.3956	0.9094	0.8231	0.1862	9.0608	10.1551

basic: 
		511:	65.9514	0.6646	0.5736	0.2557	8.9261	11.2725
		Blurr:	96.4023	0.6861	0.6592	0.2538	6.1802	7.7768

basic_AVG::		81.1769	0.6753	0.6164	0.2548	7.5531	9.5246

clutter: 
		boule:	90.8331	0.8707	0.8002	0.5214	7.8997	10.0203
		Board:	107.5266	0.9836	0.9544	0.4939	7.1708	8.8361

clutter_AVG::		99.1799	0.9271	0.8773	0.5076	7.5352	9.4282

illumina: 
		Camer:	230.2388	0.9962	0.9773	0.3591	0.8249	3.2605

illumina_AVG::		230.2388	0.9962	0.9773	0.3591	0.8249	3.2605

intermit: 
		AVSS2:	97.9285	0.9268	0.8973	0.3975	6.8546	8.0172
		busSt:	95.6302	0.8106	0.7426	0.1588	6.8264	8.2728

intermit_AVG::		96.7794	0.8687	0.82	0.2781	6.8405	8.145

jitter: 
		boule:	99.414	0.8457	0.7648	0.2327	7.1331	9.2434
		badmi:	124.056	0.9556	0.9355	0.416	5.9595	7.3247

jitter_AVG::		111.735	0.9006	0.8502	0.3244	6.5463	8.2841

veryLong: 
		BusSt:	124.056	0.9556	0.9355	0.416	5.9595	7.3247

veryLong_AVG::		124.056	0.9556	0.9355	0.416	5.9595	7.3247

veryShor: 
		Dynam:	124.056	0.9556	0.9355	0.416	5.9595	7.3247
		CUHK_:	66.3014	0.8198	0.6963	0.1091	10.1983	11.102

veryShor_AVG::		95.1787	0.8877	0.8159	0.2626	8.0789	9.2134

Total:			114.0925	0.8901	0.8395	0.3236	6.5499	8.1669
