		video	AGE	pEPs	pCEPs	MSSSIM	PSNR	CQM
backgrou: 
		adver:	1.9555	0.002	0.0	0.9893	37.7878	34.5155

backgrou_AVG::		1.9555	0.002	0.0	0.9893	37.7878	34.5155

basic: 
		Blurr:	1.9647	0.0016	0.0001	0.9954	37.6934	38.274
		511:	3.7331	0.0286	0.0005	0.9745	29.9445	31.4332

basic_AVG::		2.8489	0.0151	0.0003	0.985	33.8189	34.8536

clutter: 
		Board:	12.424	0.1155	0.0203	0.6595	19.8859	20.3574
		boule:	8.0575	0.0791	0.0267	0.769	23.3285	24.274

clutter_AVG::		10.2408	0.0973	0.0235	0.7143	21.6072	22.3157

illumina: 
		Camer:	24.6815	0.1745	0.1055	0.6625	12.5017	12.9762

illumina_AVG::		24.6815	0.1745	0.1055	0.6625	12.5017	12.9762

intermit: 
		AVSS2:	10.113	0.0868	0.0629	0.8659	20.0466	20.8133
		busSt:	4.903	0.0366	0.0223	0.9215	23.7405	24.3573

intermit_AVG::		7.508	0.0617	0.0426	0.8937	21.8935	22.5853

jitter: 
		boule:	10.4981	0.1281	0.0164	0.8775	20.5975	21.5941
		badmi:	3.5131	0.0312	0.0082	0.9251	29.145	29.4446

jitter_AVG::		7.0056	0.0797	0.0123	0.9013	24.8712	25.5194

veryLong: 
		BusSt:	3.8933	0.0125	0.0001	0.9909	30.8518	31.2219

veryLong_AVG::		3.8933	0.0125	0.0001	0.9909	30.8518	31.2219

veryShor: 
		Dynam:	14.74	0.225	0.0282	0.8981	20.5018	21.0474
		CUHK_:	15.0171	0.1666	0.0515	0.7745	17.637	18.1238

veryShor_AVG::		14.8786	0.1958	0.0399	0.8363	19.0694	19.5856

Total:			9.1265	0.0798	0.028	0.8717	25.3002	25.4466
