		video	AGE	pEPs	pCEPs	MSSSIM	PSNR	CQM
backgrou: 
		adver:	4.7067	0.0514	0.002	0.9625	28.0372	28.0745

backgrou_AVG::		4.7067	0.0514	0.002	0.9625	28.0372	28.0745

basic: 
		511:	5.5043	0.0587	0.0025	0.9505	27.1766	28.9673
		Blurr:	5.1277	0.0535	0.0083	0.9631	28.0939	29.1096

basic_AVG::		5.316	0.0561	0.0054	0.9568	27.6353	29.0385

clutter: 
		boule:	14.6034	0.247	0.1629	0.6983	22.3431	23.6221
		Board:	25.3602	0.3801	0.305	0.4806	16.3726	17.8894

clutter_AVG::		19.9818	0.3135	0.234	0.5895	19.3579	20.7557

illumina: 
		Camer:	72.7804	0.8749	0.8067	0.8004	9.9194	11.3909

illumina_AVG::		72.7804	0.8749	0.8067	0.8004	9.9194	11.3909

intermit: 
		AVSS2:	11.6462	0.1341	0.1044	0.8541	20.2872	21.5648
		busSt:	6.8715	0.0822	0.0391	0.8961	22.9584	23.9242

intermit_AVG::		9.2589	0.1082	0.0718	0.8751	21.6228	22.7445

jitter: 
		boule:	10.0248	0.1433	0.0293	0.9045	22.5895	24.1416
		badmi:	3.1657	0.0193	0.0071	0.9592	32.8148	33.5072

jitter_AVG::		6.5953	0.0813	0.0182	0.9318	27.7021	28.8244

veryLong: 
		BusSt:	10.0587	0.1249	0.0064	0.8849	21.8319	23.0251

veryLong_AVG::		10.0587	0.1249	0.0064	0.8849	21.8319	23.0251

veryShor: 
		Dynam:	12.8401	0.1826	0.0207	0.9278	21.2876	22.2903
		CUHK_:	7.8305	0.0996	0.0193	0.9317	25.1054	26.0139

veryShor_AVG::		10.3353	0.1411	0.02	0.9298	23.1965	24.1521

Total:			17.3791	0.2189	0.1456	0.8664	22.4129	23.5007
