		video	AGE	pEPs	pCEPs	MSSSIM	PSNR	CQM
backgrou: 
		adver:	2.8241	0.0117	0.0034	0.9823	29.2643	29.0997

backgrou_AVG::		2.8241	0.0117	0.0034	0.9823	29.2643	29.0997

basic: 
		511:	3.8576	0.0315	0.0019	0.9751	30.9492	32.7743
		Blurr:	8.7381	0.1021	0.081	0.971	26.6092	27.9116

basic_AVG::		6.2978	0.0668	0.0415	0.973	28.7792	30.3429

clutter: 
		boule:	13.8409	0.236	0.1491	0.6706	22.8019	24.0838
		Board:	29.5396	0.5293	0.4309	0.5656	16.5709	18.1072

clutter_AVG::		21.6902	0.3827	0.29	0.6181	19.6864	21.0955

illumina: 
		Camer:	64.6061	0.8371	0.7583	0.8264	10.8628	12.3291

illumina_AVG::		64.6061	0.8371	0.7583	0.8264	10.8628	12.3291

intermit: 
		AVSS2:	14.9107	0.2053	0.1698	0.8673	20.146	21.4218
		busSt:	5.3576	0.0509	0.0364	0.9135	24.8675	25.7138

intermit_AVG::		10.1341	0.1281	0.1031	0.8904	22.5067	23.5678

jitter: 
		boule:	10.4552	0.1433	0.0284	0.9007	22.4425	24.0057
		badmi:	4.6425	0.0293	0.0123	0.9416	30.7318	31.4352

jitter_AVG::		7.5488	0.0863	0.0204	0.9211	26.5871	27.7205

veryLong: 
		BusSt:	4.2563	0.012	0.0003	0.9887	31.5446	32.2367

veryLong_AVG::		4.2563	0.012	0.0003	0.9887	31.5446	32.2367

veryShor: 
		Dynam:	8.3504	0.0816	0.0132	0.9545	26.6643	27.3287
		CUHK_:	7.519	0.119	0.0691	0.9092	25.9136	26.651

veryShor_AVG::		7.9347	0.1003	0.0411	0.9319	26.2889	26.9898

Total:			15.6615	0.2031	0.1573	0.8915	24.44	25.4228
