		video	AGE	pEPs	pCEPs	MSSSIM	PSNR	CQM
backgrou: 
		adver:	3.5218	0.0297	0.0006	0.976	30.2218	29.9698

backgrou_AVG::		3.5218	0.0297	0.0006	0.976	30.2218	29.9698

basic: 
		511:	4.6332	0.043	0.0011	0.9657	28.4944	29.9805
		Blurr:	4.1982	0.0405	0.0047	0.9723	29.1659	30.1106

basic_AVG::		4.4157	0.0418	0.0029	0.969	28.8302	30.0455

clutter: 
		boule:	13.9174	0.2279	0.1419	0.7277	22.2699	23.492
		Board:	26.7094	0.374	0.2952	0.4114	15.678	17.0498

clutter_AVG::		20.3134	0.3009	0.2185	0.5695	18.9739	20.2709

illumina: 
		Camer:	6.7835	0.0805	0.0526	0.8866	27.2444	28.0604

illumina_AVG::		6.7835	0.0805	0.0526	0.8866	27.2444	28.0604

intermit: 
		AVSS2:	11.7391	0.132	0.1041	0.8496	20.0881	21.3152
		busSt:	6.5763	0.0721	0.0379	0.8923	22.5427	23.4843

intermit_AVG::		9.1577	0.102	0.071	0.8709	21.3154	22.3998

jitter: 
		boule:	9.8595	0.1412	0.0272	0.903	22.461	24.0181
		badmi:	2.8822	0.0184	0.0065	0.9622	33.0822	33.7683

jitter_AVG::		6.3708	0.0798	0.0168	0.9326	27.7716	28.8932

veryLong: 
		BusSt:	7.8187	0.0807	0.0036	0.9327	23.5661	24.3954

veryLong_AVG::		7.8187	0.0807	0.0036	0.9327	23.5661	24.3954

veryShor: 
		Dynam:	12.0272	0.1667	0.0128	0.9368	21.8668	22.7613
		CUHK_:	6.5911	0.0753	0.0077	0.948	26.4049	27.1465

veryShor_AVG::		9.3091	0.121	0.0103	0.9424	24.1358	24.9539

Total:			8.4613	0.1046	0.047	0.885	25.2574	26.1236
