		video	AGE	pEPs	pCEPs	MSSSIM	PSNR	CQM
backgrou: 
		adver:	1.8741	0.0015	0.0003	0.9882	38.298	35.6392

backgrou_AVG::		1.8741	0.0015	0.0003	0.9882	38.298	35.6392

basic: 
		511:	3.5271	0.0227	0.0005	0.9811	31.5314	33.1632
		Blurr:	2.4367	0.0003	0.0	0.9928	37.6552	38.1747

basic_AVG::		2.9819	0.0115	0.0002	0.987	34.5933	35.6689

clutter: 
		boule:	13.5235	0.2124	0.1349	0.7221	22.2869	23.5073
		Board:	23.9227	0.3305	0.2731	0.407	16.1705	17.5442

clutter_AVG::		18.7231	0.2715	0.204	0.5645	19.2287	20.5258

illumina: 
		Camer:	9.6636	0.1069	0.0595	0.8448	25.7225	25.4982

illumina_AVG::		9.6636	0.1069	0.0595	0.8448	25.7225	25.4982

intermit: 
		AVSS2:	11.0787	0.1049	0.0878	0.863	20.1204	21.3586
		busSt:	5.1592	0.045	0.0346	0.9037	23.1662	24.0764

intermit_AVG::		8.1189	0.0749	0.0612	0.8833	21.6433	22.7175

jitter: 
		boule:	10.0058	0.1329	0.0215	0.9009	21.9372	23.5129
		badmi:	2.8747	0.0166	0.0056	0.9651	33.4372	34.1206

jitter_AVG::		6.4402	0.0748	0.0135	0.933	27.6872	28.8167

veryLong: 
		BusSt:	3.7607	0.0071	0.0002	0.9931	32.2927	32.9504

veryLong_AVG::		3.7607	0.0071	0.0002	0.9931	32.2927	32.9504

veryShor: 
		Dynam:	7.0933	0.0467	0.0008	0.9642	26.8062	27.5181
		CUHK_:	2.9925	0.007	0.0006	0.9847	33.4738	33.9653

veryShor_AVG::		5.0429	0.0268	0.0007	0.9745	30.14	30.7417

Total:			7.0757	0.0719	0.0424	0.896	28.7007	29.0698
