		video	AGE	pEPs	pCEPs	MSSSIM	PSNR	CQM
backgrou: 
		adver:	1.8646	0.0019	0.0002	0.9885	38.2528	35.1337

backgrou_AVG::		1.8646	0.0019	0.0002	0.9885	38.2528	35.1337

basic: 
		Blurr:	1.7489	0.0004	0.0	0.9962	39.1174	39.501
		511:	3.3701	0.0199	0.0002	0.9822	31.4982	33.0817

basic_AVG::		2.5595	0.0102	0.0001	0.9892	35.3078	36.2913

clutter: 
		Board:	21.2779	0.205	0.1759	0.3906	15.723	17.0736
		boule:	12.2373	0.1467	0.0824	0.7408	21.5619	22.7975

clutter_AVG::		16.7576	0.1758	0.1291	0.5657	18.6424	19.9356

illumina: 
		Camer:	7.7812	0.1163	0.051	0.8222	25.6379	24.6361

illumina_AVG::		7.7812	0.1163	0.051	0.8222	25.6379	24.6361

intermit: 
		AVSS2:	11.6255	0.0992	0.0819	0.859	19.4192	20.6505
		busSt:	5.3571	0.0437	0.0331	0.9003	22.7448	23.606

intermit_AVG::		8.4913	0.0714	0.0575	0.8797	21.082	22.1283

jitter: 
		boule:	9.9172	0.129	0.0177	0.894	21.4164	22.8287
		badmi:	2.4915	0.0155	0.0044	0.9668	33.5379	34.2404

jitter_AVG::		6.2043	0.0723	0.0111	0.9304	27.4772	28.5346

veryLong: 
		BusSt:	3.6467	0.0066	0.0002	0.9933	32.2537	32.9053

veryLong_AVG::		3.6467	0.0066	0.0002	0.9933	32.2537	32.9053

veryShor: 
		Dynam:	7.2179	0.0515	0.0004	0.9645	27.839	28.4314
		CUHK_:	3.0802	0.0048	0.0001	0.989	34.1889	34.6763

veryShor_AVG::		5.1491	0.0282	0.0002	0.9767	31.014	31.5539

Total:			6.5568	0.0603	0.0312	0.8932	28.7085	28.8898
