		video	AGE	pEPs	pCEPs	MSSSIM	PSNR	CQM
backgrou: 
		adver:	7.7353	0.106	0.0183	0.9357	25.2753	25.5579

backgrou_AVG::		7.7353	0.106	0.0183	0.9357	25.2753	25.5579

basic: 
		511:	7.5554	0.1032	0.0145	0.92	25.2495	27.0216
		Blurr:	6.5682	0.092	0.0155	0.937	26.1284	27.2179

basic_AVG::		7.0618	0.0976	0.015	0.9285	25.6889	27.1197

clutter: 
		boule:	13.2659	0.2239	0.1501	0.6862	23.0792	24.3302
		Board:	23.5019	0.3837	0.2687	0.4843	17.4078	18.865

clutter_AVG::		18.3839	0.3038	0.2094	0.5853	20.2435	21.5976

illumina: 
		Camer:	62.1728	0.8314	0.7229	0.7971	11.1469	12.5902

illumina_AVG::		62.1728	0.8314	0.7229	0.7971	11.1469	12.5902

intermit: 
		AVSS2:	13.0762	0.1555	0.1117	0.8362	20.2217	21.4978
		busSt:	8.9182	0.1143	0.046	0.88	22.8874	23.8652

intermit_AVG::		10.9972	0.1349	0.0788	0.8581	21.5545	22.6815

jitter: 
		boule:	10.6713	0.1624	0.0386	0.8877	22.2698	23.8353
		badmi:	3.3233	0.0216	0.0067	0.953	32.4505	33.1517

jitter_AVG::		6.9973	0.092	0.0227	0.9204	27.3601	28.4935

veryLong: 
		BusSt:	16.1468	0.2375	0.0512	0.8442	19.0827	20.4123

veryLong_AVG::		16.1468	0.2375	0.0512	0.8442	19.0827	20.4123

veryShor: 
		Dynam:	18.814	0.3218	0.0698	0.8656	19.1239	20.1908
		CUHK_:	11.7357	0.1745	0.0433	0.8758	22.3892	23.4483

veryShor_AVG::		15.2749	0.2481	0.0566	0.8707	20.7566	21.8196

Total:			18.0963	0.2564	0.1469	0.8425	21.3886	22.534
